0.0,0.04799985885620117,0.04799985885620117
0.0009999275207519531,0.04799985885620117,0.04699993133544922
0.0009999275207519531,0.04799985885620117,0.04699993133544922
0.0009999275207519531,0.06500005722045898,0.06400012969970703
0.13299989700317383,0.20199990272521973,0.0690000057220459
0.1359999179840088,0.20099997520446777,0.06500005722045898
0.1359999179840088,0.25799989700317383,0.12199997901916504
0.13699984550476074,0.18199992179870605,0.04500007629394531
0.26999998092651367,0.29799985885620117,0.0279998779296875
0.2990000247955322,0.3659999370574951,0.06699991226196289
0.3269999027252197,0.3810000419616699,0.054000139236450195
0.3339998722076416,0.3659999370574951,0.032000064849853516
0.44499993324279785,0.48799991607666016,0.042999982833862305
0.45399999618530273,0.48799991607666016,0.03399991989135742
0.4960000514984131,0.5420000553131104,0.046000003814697266
0.5169999599456787,0.5429999828338623,0.026000022888183594
0.628000020980835,0.6599998474121094,0.031999826431274414
0.628000020980835,0.6599998474121094,0.031999826431274414
0.628000020980835,0.6449999809265137,0.01699995994567871
0.6289999485015869,0.6919999122619629,0.06299996376037598
0.8250000476837158,0.8619999885559082,0.03699994087219238
0.8380000591278076,0.8489999771118164,0.010999917984008789
0.8429999351501465,0.8610000610351562,0.018000125885009766
0.8509998321533203,0.9010000228881836,0.05000019073486328
0.9779999256134033,0.997999906539917,0.019999980926513672
1.00600004196167,1.0369999408721924,0.03099989891052246
1.0069999694824219,1.0369999408721924,0.029999971389770508
1.0279998779296875,1.0520000457763672,0.024000167846679688
1.128999948501587,1.188999891281128,0.059999942779541016
1.1349999904632568,1.179999828338623,0.04499983787536621
1.1699998378753662,1.2249999046325684,0.05500006675720215
1.2149999141693115,1.2619998455047607,0.04699993133544922
1.25,1.2809998989105225,0.03099989891052246
1.2769999504089355,1.3499999046325684,0.07299995422363281
1.2809998989105225,1.312000036239624,0.031000137329101562
1.307999849319458,1.3509998321533203,0.042999982833862305
1.431999921798706,1.4689998626708984,0.03699994087219238
1.434999942779541,1.4479999542236328,0.013000011444091797
1.4779999256134033,1.5260000228881836,0.04800009727478027
1.4839999675750732,1.503999948501587,0.019999980926513672
1.5679998397827148,1.5989999771118164,0.031000137329101562
1.5829999446868896,1.619999885559082,0.03699994087219238
1.5989999771118164,1.619999885559082,0.020999908447265625
1.7100000381469727,1.7430000305175781,0.03299999237060547
1.7829999923706055,1.812000036239624,0.029000043869018555
1.8020000457763672,1.8209998607635498,0.018999814987182617
1.804999828338623,1.8589999675750732,0.054000139236450195
1.8569998741149902,1.8980000019073486,0.0410001277923584
1.940000057220459,1.9559998512268066,0.015999794006347656
1.940999984741211,1.99399995803833,0.05299997329711914
1.9869999885559082,2.0329999923706055,0.046000003814697266
2.003999948501587,2.0329999923706055,0.029000043869018555
2.0969998836517334,2.132999897003174,0.03600001335144043
2.11299991607666,2.1469998359680176,0.03399991989135742
2.118000030517578,2.1469998359680176,0.028999805450439453
2.1419999599456787,2.1619999408721924,0.019999980926513672
2.192999839782715,2.2319998741149902,0.03900003433227539
2.2619998455047607,2.2890000343322754,0.02700018882751465
2.2619998455047607,2.2899999618530273,0.0280001163482666
2.2719998359680176,2.3350000381469727,0.06300020217895508
2.3910000324249268,2.4129998683929443,0.021999835968017578
2.432999849319458,2.4529998302459717,0.019999980926513672
2.4630000591278076,2.490999937057495,0.0279998779296875
2.4819998741149902,2.5260000228881836,0.04400014877319336
2.5899999141693115,2.615999937057495,0.026000022888183594
2.5929999351501465,2.615999937057495,0.023000001907348633
2.616999864578247,2.6599998474121094,0.042999982833862305
2.618000030517578,2.6599998474121094,0.04199981689453125
2.7059998512268066,2.7239999771118164,0.018000125885009766
2.743000030517578,2.7730000019073486,0.029999971389770508
2.760999917984009,2.7869999408721924,0.026000022888183594
2.809000015258789,2.825000047683716,0.016000032424926758
2.863999843597412,2.9069998264312744,0.042999982833862305
2.881999969482422,2.9069998264312744,0.02499985694885254
2.919999837875366,2.938999891281128,0.01900005340576172
2.942999839782715,2.9730000495910645,0.03000020980834961
3.0119998455047607,3.062999963760376,0.051000118255615234
3.0290000438690186,3.0769999027252197,0.04799985885620117
3.065999984741211,3.116999864578247,0.05099987983703613
3.133999824523926,3.177999973297119,0.04400014877319336
3.2639999389648438,3.300999879837036,0.03699994087219238
3.2760000228881836,3.300999879837036,0.02499985694885254
3.2809998989105225,3.309999942779541,0.029000043869018555
3.3429999351501465,3.4110000133514404,0.06800007820129395
3.4659998416900635,3.49399995803833,0.0280001163482666
3.4749999046325684,3.5299999713897705,0.05500006675720215
3.4759998321533203,3.508999824523926,0.03299999237060547
3.5429999828338623,3.5820000171661377,0.03900003433227539
3.6089999675750732,3.6469998359680176,0.037999868392944336
3.633999824523926,3.6610000133514404,0.02700018882751465
3.6369998455047607,3.6610000133514404,0.024000167846679688
3.6510000228881836,3.7059998512268066,0.05499982833862305
3.7059998512268066,3.75,0.04400014877319336
3.7929999828338623,3.8289999961853027,0.03600001335144043
3.809999942779541,3.884999990463257,0.07500004768371582
3.8239998817443848,3.8499999046325684,0.026000022888183594
3.9149999618530273,3.938999891281128,0.023999929428100586
3.9659998416900635,3.9860000610351562,0.020000219345092773
3.9709999561309814,4.001999855041504,0.03099989891052246
3.9739999771118164,4.001999855041504,0.0279998779296875
4.072999954223633,4.10099983215332,0.0279998779296875
4.075999975204468,4.118000030517578,0.04200005531311035
4.136999845504761,4.175999879837036,0.03900003433227539
4.138000011444092,4.1579999923706055,0.019999980926513672
4.172999858856201,4.223999977111816,0.051000118255615234
4.256999969482422,4.276000022888184,0.01900005340576172
4.259999990463257,4.276000022888184,0.016000032424926758
4.283999919891357,4.323999881744385,0.039999961853027344
4.346999883651733,4.38100004196167,0.03400015830993652
4.41100001335144,4.438999891281128,0.0279998779296875
4.414000034332275,4.45799994468689,0.04399991035461426
4.427999973297119,4.457000017166138,0.029000043869018555
4.507999897003174,4.543999910354614,0.03600001335144043
4.550999879837036,4.596999883651733,0.046000003814697266
4.553999900817871,4.58299994468689,0.029000043869018555
4.57099986076355,4.596999883651733,0.026000022888183594
4.58299994468689,4.651000022888184,0.06800007820129395
4.668999910354614,4.7149999141693115,0.046000003814697266
4.688999891281128,4.7149999141693115,0.026000022888183594
4.710000038146973,4.733999967575073,0.023999929428100586
4.759999990463257,4.805999994277954,0.046000003814697266
4.809999942779541,4.8450000286102295,0.03500008583068848
4.8450000286102295,4.878999948501587,0.03399991989135742
4.8459999561309814,4.878999948501587,0.03299999237060547
4.846999883651733,4.878999948501587,0.032000064849853516
5.006999969482422,5.047999858856201,0.0409998893737793
5.039000034332275,5.062999963760376,0.023999929428100586
5.055999994277954,5.078999996185303,0.023000001907348633
5.077999830245972,5.102999925613403,0.02500009536743164
5.142999887466431,5.161999940872192,0.01900005340576172
5.145999908447266,5.192999839782715,0.04699993133544922
5.169999837875366,5.211999893188477,0.04200005531311035
5.184999942779541,5.227999925613403,0.042999982833862305
5.306999921798706,5.35099983215332,0.04399991035461426
5.306999921798706,5.35099983215332,0.04399991035461426
5.333999872207642,5.371999979019165,0.03800010681152344
5.373999834060669,5.3999998569488525,0.026000022888183594
5.429999828338623,5.471999883651733,0.04200005531311035
5.45799994468689,5.490000009536743,0.032000064849853516
5.477999925613403,5.526000022888184,0.04800009727478027
5.494999885559082,5.526000022888184,0.031000137329101562
5.60099983215332,5.622999906539917,0.02200007438659668
5.613999843597412,5.646999835968018,0.03299999237060547
5.625,5.661999940872192,0.03699994087219238
5.631999969482422,5.661999940872192,0.029999971389770508
5.727999925613403,5.744999885559082,0.01699995994567871
5.736000061035156,5.756999969482422,0.020999908447265625
5.741999864578247,5.776000022888184,0.03400015830993652
5.766000032424927,5.823999881744385,0.05799984931945801
5.876999855041504,5.9019999504089355,0.02500009536743164
5.884999990463257,5.9019999504089355,0.01699995994567871
5.889999866485596,5.924999952316284,0.03500008583068848
5.908999919891357,5.947000026702881,0.03800010681152344
5.977999925613403,6.014999866485596,0.03699994087219238
6.010999917984009,6.050999879837036,0.039999961853027344
6.013999938964844,6.050999879837036,0.03699994087219238
6.0279998779296875,6.07699990272522,0.04900002479553223
6.11299991607666,6.1529998779296875,0.039999961853027344
6.133999824523926,6.171999931335449,0.03800010681152344
6.145999908447266,6.171999931335449,0.026000022888183594
6.161999940872192,6.210999965667725,0.04900002479553223
6.240999937057495,6.294999837875366,0.053999900817871094
6.33299994468689,6.361999988555908,0.029000043869018555
6.335999965667725,6.361999988555908,0.026000022888183594
6.33899998664856,6.373999834060669,0.034999847412109375
6.520999908447266,6.555999994277954,0.03500008583068848
6.613999843597412,6.6499998569488525,0.03600001335144043
6.622999906539917,6.642999887466431,0.019999980926513672
6.648999929428101,6.669999837875366,0.020999908447265625
6.723999977111816,6.753999948501587,0.029999971389770508
6.794999837875366,6.8429999351501465,0.04800009727478027
6.823999881744385,6.85699987411499,0.03299999237060547
6.828999996185303,6.876999855041504,0.04799985885620117
6.829999923706055,6.85699987411499,0.026999950408935547
6.925999879837036,6.978999853134155,0.05299997329711914
6.9679999351501465,6.994999885559082,0.026999950408935547
7.023999929428101,7.049999952316284,0.026000022888183594
7.052999973297119,7.0959999561309814,0.042999982833862305
7.128000020980835,7.148999929428101,0.020999908447265625
7.197999954223633,7.240000009536743,0.04200005531311035
7.208999872207642,7.240999937057495,0.032000064849853516
7.251999855041504,7.2749998569488525,0.023000001907348633
7.266999959945679,7.304999828338623,0.037999868392944336
7.316999912261963,7.3399999141693115,0.023000001907348633
7.369999885559082,7.409999847412109,0.039999961853027344
7.41100001335144,7.427999973297119,0.01699995994567871
7.428999900817871,7.4670000076293945,0.03800010681152344
7.514999866485596,7.562000036239624,0.04700016975402832
7.5269999504089355,7.542999982833862,0.016000032424926758
7.579999923706055,7.5950000286102295,0.015000104904174805
7.596999883651733,7.616999864578247,0.019999980926513672
7.641999959945679,7.685999870300293,0.04399991035461426
7.661999940872192,7.694999933242798,0.03299999237060547
7.746000051498413,7.769999980926514,0.023999929428100586
7.764999866485596,7.813999891281128,0.04900002479553223
7.809000015258789,7.838000059127808,0.029000043869018555
7.83299994468689,7.891000032424927,0.05800008773803711
7.848999977111816,7.891000032424927,0.04200005531311035
7.886999845504761,7.927000045776367,0.040000200271606445
7.929999828338623,7.980000019073486,0.05000019073486328
7.940000057220459,7.980000019073486,0.039999961853027344
7.996000051498413,8.03600001335144,0.039999961853027344
8.027999877929688,8.053999900817871,0.026000022888183594
8.083999872207642,8.115000009536743,0.031000137329101562
8.090999841690063,8.144999980926514,0.054000139236450195
8.09500002861023,8.15999984741211,0.06499981880187988
8.11899995803833,8.190000057220459,0.0710000991821289
8.213000059127808,8.257999897003174,0.04499983787536621
8.29099988937378,8.325000047683716,0.03400015830993652
8.293999910354614,8.325000047683716,0.031000137329101562
8.294999837875366,8.346999883651733,0.05200004577636719
8.391000032424927,8.427000045776367,0.03600001335144043
8.391000032424927,8.412999868392944,0.021999835968017578
8.422999858856201,8.460000038146973,0.037000179290771484
8.464999914169312,8.493000030517578,0.0280001163482666
8.516999959945679,8.559000015258789,0.04200005531311035
8.539000034332275,8.582000017166138,0.042999982833862305
8.539000034332275,8.559000015258789,0.019999980926513672
8.566999912261963,8.611999988555908,0.04500007629394531
8.656999826431274,8.705999851226807,0.04900002479553223
8.664000034332275,8.705999851226807,0.04199981689453125
8.668999910354614,8.705999851226807,0.03699994087219238
8.680999994277954,8.72599983215332,0.04499983787536621
8.760999917984009,8.802000045776367,0.0410001277923584
8.793999910354614,8.83899998664856,0.04500007629394531
8.805999994277954,8.83899998664856,0.03299999237060547
8.810999870300293,8.855000019073486,0.04400014877319336
8.917999982833862,8.960999965667725,0.042999982833862305
8.925999879837036,8.960000038146973,0.03400015830993652
8.929999828338623,8.974999904632568,0.04500007629394531
8.940000057220459,8.960000038146973,0.019999980926513672
9.050999879837036,9.083999872207642,0.03299999237060547
9.059000015258789,9.083999872207642,0.02499985694885254
9.065000057220459,9.105999946594238,0.0409998893737793
9.08899998664856,9.105999946594238,0.01699995994567871
9.162999868392944,9.200000047683716,0.037000179290771484
9.169999837875366,9.187999963760376,0.018000125885009766
9.191999912261963,9.234999895095825,0.042999982833862305
9.226999998092651,9.269000053405762,0.04200005531311035
9.29099988937378,9.305999994277954,0.015000104904174805
9.303999900817871,9.34500002861023,0.0410001277923584
9.323999881744385,9.369999885559082,0.046000003814697266
9.343999862670898,9.369999885559082,0.026000022888183594
9.398000001907349,9.431999921798706,0.03399991989135742
9.411999940872192,9.431999921798706,0.019999980926513672
9.470999956130981,9.484999895095825,0.01399993896484375
9.474999904632568,9.503000020980835,0.0280001163482666
9.585999965667725,9.608999967575073,0.023000001907348633
9.605000019073486,9.638000011444092,0.03299999237060547
9.638000011444092,9.682999849319458,0.04499983787536621
9.65999984741211,9.711999893188477,0.05200004577636719
9.67199993133545,9.711999893188477,0.039999961853027344
9.680999994277954,9.733999967575073,0.05299997329711914
9.740999937057495,9.80299997329712,0.06200003623962402
9.79099988937378,9.822999954223633,0.032000064849853516
9.807999849319458,9.858999967575073,0.051000118255615234
9.846999883651733,9.871999979019165,0.02500009536743164
9.859999895095825,9.894000053405762,0.03400015830993652
9.914999961853027,9.942999839782715,0.0279998779296875
9.928999900817871,9.978999853134155,0.04999995231628418
9.947999954223633,9.978999853134155,0.03099989891052246
10.008999824523926,10.044999837875366,0.03600001335144043
10.057999849319458,10.077999830245972,0.019999980926513672
10.082000017166138,10.099999904632568,0.017999887466430664
10.088000059127808,10.111999988555908,0.023999929428100586
10.125999927520752,10.152999877929688,0.026999950408935547
10.151999950408936,10.192999839782715,0.0409998893737793
10.172999858856201,10.210000038146973,0.037000179290771484
10.240000009536743,10.27999997138977,0.039999961853027344
10.257999897003174,10.296000003814697,0.03800010681152344
10.309999942779541,10.339999914169312,0.029999971389770508
10.319999933242798,10.358000040054321,0.03800010681152344
10.361000061035156,10.378999948501587,0.017999887466430664
10.382999897003174,10.401000022888184,0.018000125885009766
10.430999994277954,10.480999946594238,0.04999995231628418
10.440000057220459,10.483999967575073,0.04399991035461426
10.471999883651733,10.497999906539917,0.026000022888183594
10.519999980926514,10.53499984741211,0.014999866485595703
10.55299997329712,10.565999984741211,0.013000011444091797
10.601999998092651,10.634999990463257,0.03299999237060547
10.622999906539917,10.656999826431274,0.03399991989135742
10.69700002670288,10.728999853134155,0.031999826431274414
10.713000059127808,10.744999885559082,0.031999826431274414
10.715999841690063,10.744999885559082,0.029000043869018555
10.760999917984009,10.794999837875366,0.03399991989135742
10.794999837875366,10.865999937057495,0.0710000991821289
10.82699990272522,10.846999883651733,0.019999980926513672
10.871000051498413,10.91599988937378,0.04499983787536621
10.92799997329712,10.97000002861023,0.04200005531311035
10.967999935150146,10.990000009536743,0.02200007438659668
11.013999938964844,11.044999837875366,0.03099989891052246
11.026000022888184,11.067999839782715,0.04199981689453125
11.085999965667725,11.102999925613403,0.01699995994567871
11.09500002861023,11.123999834060669,0.028999805450439453
11.156999826431274,11.190999984741211,0.03400015830993652
11.181999921798706,11.230000019073486,0.04800009727478027
11.184999942779541,11.213000059127808,0.0280001163482666
11.226999998092651,11.244999885559082,0.017999887466430664
11.274999856948853,11.319000005722046,0.04400014877319336
11.28600001335144,11.325999975204468,0.039999961853027344
11.348000049591064,11.404000043869019,0.0559999942779541
11.349999904632568,11.365000009536743,0.015000104904174805
11.419999837875366,11.434999942779541,0.015000104904174805
11.438999891281128,11.483000040054321,0.04400014877319336
11.461999893188477,11.484999895095825,0.023000001907348633
11.484999895095825,11.50600004196167,0.021000146865844727
11.555999994277954,11.588000059127808,0.032000064849853516
11.565000057220459,11.608999967575073,0.04399991035461426
11.60099983215332,11.639999866485596,0.03900003433227539
11.611000061035156,11.638999938964844,0.0279998779296875
11.66100001335144,11.687999963760376,0.026999950408935547
11.664999961853027,11.72000002861023,0.05500006675720215
11.766000032424927,11.789000034332275,0.023000001907348633
11.766999959945679,11.809999942779541,0.042999982833862305
11.77999997138977,11.809999942779541,0.029999971389770508
11.815000057220459,11.83899998664856,0.023999929428100586
11.888999938964844,11.914000034332275,0.02500009536743164
11.90999984741211,11.941999912261963,0.032000064849853516
11.917999982833862,11.941999912261963,0.023999929428100586
11.971999883651733,12.030999898910522,0.05900001525878906
12.008999824523926,12.04699993133545,0.03800010681152344
12.010999917984009,12.04699993133545,0.03600001335144043
12.039000034332275,12.067999839782715,0.028999805450439453
12.115999937057495,12.151999950408936,0.03600001335144043
12.158999919891357,12.203999996185303,0.04500007629394531
12.15999984741211,12.188999891281128,0.029000043869018555
12.178999900817871,12.188999891281128,0.009999990463256836
12.207000017166138,12.273000001907349,0.06599998474121094
12.3989999294281,12.430999994277954,0.032000064849853516
12.412999868392944,12.429999828338623,0.01699995994567871
12.491999864578247,12.526000022888184,0.03400015830993652
12.516999959945679,12.553999900817871,0.03699994087219238
12.611999988555908,12.651999950408936,0.039999961853027344
12.632999897003174,12.67199993133545,0.03900003433227539
12.681999921798706,12.700000047683716,0.018000125885009766
12.736999988555908,12.770999908447266,0.03399991989135742
12.79099988937378,12.82699990272522,0.03600001335144043
12.86899995803833,12.885999917984009,0.01699995994567871
12.901000022888184,12.953999996185303,0.05299997329711914
12.941999912261963,12.983999967575073,0.04200005531311035
12.944000005722046,12.983999967575073,0.039999961853027344
13.014999866485596,13.049000024795532,0.03400015830993652
13.033999919891357,13.062000036239624,0.0280001163482666
13.08299994468689,13.11299991607666,0.029999971389770508
13.171000003814697,13.198999881744385,0.0279998779296875
13.230999946594238,13.263999938964844,0.03299999237060547
13.244999885559082,13.29099988937378,0.046000003814697266
13.263999938964844,13.309999942779541,0.046000003814697266
13.332000017166138,13.389999866485596,0.05799984931945801
13.359999895095825,13.41700005531311,0.057000160217285156
13.424999952316284,13.477999925613403,0.05299997329711914
13.444999933242798,13.460000038146973,0.015000104904174805
13.48799991607666,13.524999856948853,0.03699994087219238
13.546000003814697,13.578999996185303,0.03299999237060547
13.64299988746643,13.685999870300293,0.042999982833862305
13.654000043869019,13.685999870300293,0.031999826431274414
13.655999898910522,13.69700002670288,0.0410001277923584
13.76199984550476,13.800999879837036,0.03900003433227539
13.806999921798706,13.825999975204468,0.01900005340576172
13.845999956130981,13.883999824523926,0.037999868392944336
13.851999998092651,13.883999824523926,0.031999826431274414
13.940000057220459,13.980000019073486,0.039999961853027344
14.00600004196167,14.032999992370605,0.026999950408935547
14.019000053405762,14.049000024795532,0.029999971389770508
14.0239999294281,14.049000024795532,0.02500009536743164
14.056999921798706,14.085000038146973,0.0280001163482666
14.155999898910522,14.20199990272522,0.046000003814697266
14.161999940872192,14.20199990272522,0.039999961853027344
14.241999864578247,14.256999969482422,0.015000104904174805
14.306999921798706,14.332000017166138,0.02500009536743164
14.376999855041504,14.401000022888184,0.024000167846679688
14.388999938964844,14.419999837875366,0.03099989891052246
14.404000043869019,14.431999921798706,0.0279998779296875
14.47000002861023,14.530999898910522,0.06099987030029297
14.470999956130981,14.559000015258789,0.08800005912780762
14.500999927520752,14.54200005531311,0.0410001277923584
14.537999868392944,14.559000015258789,0.021000146865844727
14.569999933242798,14.603999853134155,0.03399991989135742
14.644000053405762,14.687000036239624,0.042999982833862305
14.656999826431274,14.687000036239624,0.03000020980834961
14.669999837875366,14.720999956130981,0.051000118255615234
14.736000061035156,14.7739999294281,0.037999868392944336
14.743000030517578,14.7739999294281,0.03099989891052246
14.769999980926514,14.819000005722046,0.04900002479553223
14.823999881744385,14.855000019073486,0.031000137329101562
14.832000017166138,14.853999853134155,0.021999835968017578
14.871999979019165,14.90999984741211,0.037999868392944336
14.88699984550476,14.924999952316284,0.03800010681152344
14.928999900817871,14.95199990272522,0.023000001907348633
14.980000019073486,15.004999876022339,0.02499985694885254
15.01199984550476,15.046000003814697,0.03400015830993652
15.019999980926514,15.063999891281128,0.04399991035461426
15.067999839782715,15.08299994468689,0.015000104904174805
15.085999965667725,15.138000011444092,0.05200004577636719
15.111000061035156,15.168999910354614,0.05799984931945801
15.154000043869019,15.194999933242798,0.0409998893737793
15.184000015258789,15.19599986076355,0.011999845504760742
15.218999862670898,15.283999919891357,0.06500005722045898
15.22000002861023,15.243000030517578,0.023000001907348633
15.279000043869019,15.332000017166138,0.05299997329711914
15.319999933242798,15.353999853134155,0.03399991989135742
15.348999977111816,15.382999897003174,0.03399991989135742
15.358000040054321,15.407999992370605,0.04999995231628418
15.388999938964844,15.430999994277954,0.04200005531311035
15.437999963760376,15.476999998092651,0.03900003433227539
15.44700002670288,15.476999998092651,0.029999971389770508
15.5,15.547999858856201,0.04799985885620117
15.536999940872192,15.583999872207642,0.04699993133544922
15.611999988555908,15.655999898910522,0.04399991035461426
15.64299988746643,15.671000003814697,0.0280001163482666
15.648000001907349,15.700999975204468,0.05299997329711914
15.707000017166138,15.723000049591064,0.016000032424926758
15.727999925613403,15.769000053405762,0.0410001277923584
15.776000022888184,15.797999858856201,0.021999835968017578
15.779000043869019,15.797999858856201,0.018999814987182617
15.80299997329712,15.848999977111816,0.046000003814697266
15.873999834060669,15.90499997138977,0.031000137329101562
15.895999908447266,15.931999921798706,0.03600001335144043
15.901000022888184,15.931999921798706,0.03099989891052246
15.967999935150146,16.003999948501587,0.03600001335144043
15.990000009536743,16.03600001335144,0.046000003814697266
16.04099988937378,16.073999881744385,0.03299999237060547
16.055999994277954,16.073999881744385,0.017999887466430664
16.060999870300293,16.08899998664856,0.0280001163482666
16.152999877929688,16.1729998588562,0.019999980926513672
16.17799997329712,16.211999893188477,0.03399991989135742
16.192999839782715,16.211999893188477,0.01900005340576172
16.19599986076355,16.23199987411499,0.03600001335144043
16.263999938964844,16.296000003814697,0.032000064849853516
16.2979998588562,16.34500002861023,0.04700016975402832
16.361000061035156,16.42799997329712,0.06699991226196289
16.378000020980835,16.42799997329712,0.04999995231628418
16.432999849319458,16.467999935150146,0.03500008583068848
16.44099998474121,16.467999935150146,0.026999950408935547
16.503000020980835,16.542999982833862,0.039999961853027344
16.507999897003174,16.52999997138977,0.02200007438659668
16.582000017166138,16.61299991607666,0.03099989891052246
16.596999883651733,16.65999984741211,0.06299996376037598
16.60699987411499,16.64400005340576,0.037000179290771484
16.611000061035156,16.65999984741211,0.048999786376953125
16.688999891281128,16.75600004196167,0.06700015068054199
16.692999839782715,16.73099994659424,0.03800010681152344
16.73199987411499,16.781999826431274,0.04999995231628418
16.764999866485596,16.781999826431274,0.01699995994567871
16.83399987220764,16.87999987602234,0.046000003814697266
16.855000019073486,16.905999898910522,0.05099987983703613
16.85599994659424,16.905999898910522,0.04999995231628418
16.878999948501587,16.905999898910522,0.026999950408935547
16.941999912261963,16.97499990463257,0.03299999237060547
16.944000005722046,16.996999979019165,0.05299997329711914
17.031999826431274,17.072999954223633,0.0410001277923584
17.0479998588562,17.072999954223633,0.02500009536743164
17.14199995994568,17.174999952316284,0.03299999237060547
17.14400005340576,17.19599986076355,0.051999807357788086
17.164000034332275,17.174999952316284,0.010999917984008789
17.16700005531311,17.21499991416931,0.04799985885620117
17.292999982833862,17.31500005722046,0.02200007438659668
17.296000003814697,17.31500005722046,0.01900005340576172
17.323999881744385,17.355000019073486,0.031000137329101562
17.34999990463257,17.375999927520752,0.026000022888183594
17.40999984741211,17.44599986076355,0.03600001335144043
17.429999828338623,17.44700002670288,0.017000198364257812
17.47000002861023,17.506999969482422,0.03699994087219238
17.484999895095825,17.527999877929688,0.042999982833862305
17.546000003814697,17.58399987220764,0.037999868392944336
17.55999994277954,17.59500002861023,0.03500008583068848
17.598999977111816,17.64199995994568,0.042999982833862305
17.632999897003174,17.657999992370605,0.02500009536743164
17.691999912261963,17.73799991607666,0.046000003814697266
17.746000051498413,17.76099991798401,0.014999866485595703
17.764999866485596,17.79099988937378,0.026000022888183594
17.793999910354614,17.825000047683716,0.031000137329101562
17.84999990463257,17.89199995994568,0.04200005531311035
17.866999864578247,17.89199995994568,0.02500009536743164
17.902999877929688,17.94000005722046,0.037000179290771484
17.944999933242798,17.986000061035156,0.0410001277923584
17.950999975204468,18.024999856948853,0.07399988174438477
18.036999940872192,18.05299997329712,0.016000032424926758
18.050999879837036,18.075000047683716,0.024000167846679688
18.080999851226807,18.167999982833862,0.08700013160705566
18.085999965667725,18.121999979019165,0.03600001335144043
18.16700005531311,18.19099998474121,0.023999929428100586
18.19000005722046,18.215999841690063,0.025999784469604492
18.223000049591064,18.263000011444092,0.039999961853027344
18.246999979019165,18.29200005531311,0.04500007629394531
18.317999839782715,18.372999906539917,0.05500006675720215
18.325000047683716,18.421000003814697,0.09599995613098145
18.3439998626709,18.37399983406067,0.029999971389770508
18.376999855041504,18.3989999294281,0.02200007438659668
18.42199993133545,18.54699993133545,0.125
18.43400001525879,18.45799994468689,0.023999929428100586
18.562000036239624,18.65400004386902,0.09200000762939453
18.64299988746643,18.674999952316284,0.032000064849853516
18.6729998588562,18.71499991416931,0.04200005531311035
18.67799997329712,18.71499991416931,0.03699994087219238
18.74899983406067,18.771999835968018,0.023000001907348633
18.79099988937378,18.832000017166138,0.0410001277923584
18.813999891281128,18.960999965667725,0.14700007438659668
18.896999835968018,18.931999921798706,0.03500008583068848
18.911999940872192,18.95199990272522,0.039999961853027344
18.973000049591064,19.02999997138977,0.056999921798706055
19.02300000190735,19.113999843597412,0.09099984169006348
19.103999853134155,19.13599991798401,0.032000064849853516
19.115000009536743,19.13599991798401,0.020999908447265625
19.139999866485596,19.16100001335144,0.021000146865844727
19.188999891281128,19.21499991416931,0.026000022888183594
19.20199990272522,19.247999906539917,0.046000003814697266
19.277999877929688,19.32799983024597,0.04999995231628418
19.304999828338623,19.32799983024597,0.023000001907348633
19.399999856948853,19.41599988937378,0.016000032424926758
19.441999912261963,19.480000019073486,0.03800010681152344
19.50600004196167,19.527999877929688,0.021999835968017578
19.56500005722046,19.588000059127808,0.023000001907348633
19.613999843597412,19.64199995994568,0.0280001163482666
19.682999849319458,19.710000038146973,0.02700018882751465
19.704999923706055,19.764999866485596,0.059999942779541016
19.72099995613098,19.756999969482422,0.03600001335144043
19.80399990081787,19.835999965667725,0.032000064849853516
19.866999864578247,19.914999961853027,0.04800009727478027
19.937000036239624,19.986000061035156,0.04900002479553223
19.967000007629395,19.997999906539917,0.03099989891052246
20.003999948501587,20.031999826431274,0.0279998779296875
20.024999856948853,20.052000045776367,0.02700018882751465
20.098000049591064,20.133999824523926,0.03599977493286133
20.162999868392944,20.17899990081787,0.016000032424926758
20.17799997329712,20.217999935150146,0.039999961853027344
20.22000002861023,20.233999967575073,0.01399993896484375
20.256999969482422,20.29099988937378,0.03399991989135742
20.33399987220764,20.41100001335144,0.07700014114379883
20.35800004005432,20.388999938964844,0.03099989891052246
20.444999933242798,20.503000020980835,0.05800008773803711
20.47699999809265,20.503000020980835,0.026000022888183594
20.573999881744385,20.59500002861023,0.021000146865844727
20.62399983406067,20.657999992370605,0.03400015830993652
20.644999980926514,20.694000005722046,0.04900002479553223
20.661999940872192,20.694999933242798,0.03299999237060547
20.759999990463257,20.789000034332275,0.029000043869018555
20.782999992370605,20.84599995613098,0.06299996376037598
20.786999940872192,20.83399987220764,0.04699993133544922
20.861999988555908,20.87999987602234,0.017999887466430664
20.929999828338623,20.961999893188477,0.032000064849853516
20.97599983215332,21.00600004196167,0.03000020980834961
21.026999950408936,21.04200005531311,0.015000104904174805
21.085000038146973,21.151000022888184,0.06599998474121094
21.10800004005432,21.191999912261963,0.0839998722076416
21.125,21.158999919891357,0.03399991989135742
21.197999954223633,21.325000047683716,0.127000093460083
21.198999881744385,21.246000051498413,0.04700016975402832
21.200999975204468,21.276999950408936,0.07599997520446777
21.319999933242798,21.346999883651733,0.026999950408935547
21.322999954223633,21.399999856948853,0.07699990272521973
21.447999954223633,21.483999967575073,0.03600001335144043
21.496000051498413,21.52999997138977,0.03399991989135742
21.516000032424927,21.56500005722046,0.04900002479553223
21.55900001525879,21.582000017166138,0.023000001907348633
21.65499997138977,21.677000045776367,0.02200007438659668
21.700999975204468,21.727999925613403,0.026999950408935547
21.740999937057495,21.7979998588562,0.056999921798706055
21.741999864578247,21.76900005340576,0.02700018882751465
21.82799983024597,21.925999879837036,0.09800004959106445
21.86299991607666,21.907999992370605,0.04500007629394531
21.905999898910522,21.938999891281128,0.03299999237060547
21.93400001525879,21.98799991607666,0.053999900817871094
22.027999877929688,22.08399987220764,0.0559999942779541
22.02900004386902,22.05399990081787,0.02499985694885254
22.050999879837036,22.092999935150146,0.04200005531311035
22.098000049591064,22.10800004005432,0.009999990463256836
22.177000045776367,22.221999883651733,0.04499983787536621
22.204999923706055,22.266000032424927,0.06100010871887207
22.2189998626709,22.240000009536743,0.021000146865844727
22.22499990463257,22.266000032424927,0.0410001277923584
22.418999910354614,22.448999881744385,0.029999971389770508
22.425999879837036,22.4689998626709,0.042999982833862305
22.42899990081787,22.448999881744385,0.019999980926513672
22.45899987220764,22.484999895095825,0.026000022888183594
22.562999963760376,22.590999841690063,0.0279998779296875
22.56500005722046,22.605000019073486,0.039999961853027344
22.58299994468689,22.62999987602234,0.04699993133544922
22.592999935150146,22.62999987602234,0.03699994087219238
22.743000030517578,22.782999992370605,0.039999961853027344
22.753999948501587,22.79099988937378,0.03699994087219238
22.786999940872192,22.832000017166138,0.04500007629394531
22.810999870300293,22.84599995613098,0.03500008583068848
22.914999961853027,23.00600004196167,0.09100008010864258
22.938999891281128,22.983999967575073,0.04500007629394531
22.955999851226807,23.00600004196167,0.05000019073486328
22.963000059127808,22.983999967575073,0.020999908447265625
23.01699995994568,23.066999912261963,0.04999995231628418
23.06599998474121,23.121000051498413,0.05500006675720215
23.073999881744385,23.109999895095825,0.03600001335144043
23.08399987220764,23.151999950408936,0.06800007820129395
23.131999969482422,23.167999982833862,0.03600001335144043
23.227999925613403,23.274999856948853,0.04699993133544922
23.240999937057495,23.274999856948853,0.03399991989135742
23.274999856948853,23.328999996185303,0.054000139236450195
23.276999950408936,23.31500005722046,0.03800010681152344
23.342000007629395,23.391000032424927,0.04900002479553223
23.425999879837036,23.461999893188477,0.03600001335144043
23.44599986076355,23.473999977111816,0.0280001163482666
23.45199990272522,23.49399995803833,0.04200005531311035
23.496999979019165,23.53499984741211,0.037999868392944336
23.530999898910522,23.590999841690063,0.059999942779541016
23.549000024795532,23.585999965667725,0.03699994087219238
23.549000024795532,23.611999988555908,0.06299996376037598
23.638000011444092,23.674000024795532,0.03600001335144043
23.66599988937378,23.705999851226807,0.039999961853027344
23.71499991416931,23.740000009536743,0.02500009536743164
23.72599983215332,23.76099991798401,0.03500008583068848
23.799999952316284,23.82799983024597,0.0279998779296875
23.83299994468689,23.891000032424927,0.05800008773803711
23.836999893188477,23.865999937057495,0.029000043869018555
23.88100004196167,23.906999826431274,0.025999784469604492
24.01900005340576,24.042999982833862,0.023999929428100586
24.055999994277954,24.098000049591064,0.04200005531311035
24.08399987220764,24.111000061035156,0.02700018882751465
24.085000038146973,24.111999988555908,0.026999950408935547
24.187999963760376,24.221999883651733,0.03399991989135742
24.19000005722046,24.221999883651733,0.031999826431274414
24.22000002861023,24.238999843597412,0.018999814987182617
24.241999864578247,24.2739999294281,0.032000064849853516
24.300999879837036,24.34500002861023,0.04400014877319336
24.328999996185303,24.359999895095825,0.03099989891052246
24.361999988555908,24.396999835968018,0.034999847412109375
24.37399983406067,24.432999849319458,0.05900001525878906
24.45799994468689,24.552000045776367,0.09400010108947754
24.465999841690063,24.494999885559082,0.029000043869018555
24.503000020980835,24.537999868392944,0.034999847412109375
24.50499987602234,24.536999940872192,0.032000064849853516
24.619999885559082,24.658999919891357,0.03900003433227539
24.64199995994568,24.658999919891357,0.01699995994567871
24.6489999294281,24.688999891281128,0.039999961853027344
24.66700005531311,24.69000005722046,0.023000001907348633
24.766000032424927,24.807999849319458,0.04199981689453125
24.782999992370605,24.807999849319458,0.02499985694885254
24.78499984741211,24.807999849319458,0.023000001907348633
24.819000005722046,24.835000038146973,0.016000032424926758
24.914999961853027,24.950000047683716,0.03500008583068848
24.95299983024597,24.980000019073486,0.02700018882751465
24.960000038146973,24.980000019073486,0.019999980926513672
24.98199987411499,25.016000032424927,0.03400015830993652
25.06500005722046,25.085000038146973,0.019999980926513672
25.075999975204468,25.12999987602234,0.053999900817871094
25.10599994659424,25.15400004386902,0.04800009727478027
25.128000020980835,25.152999877929688,0.02499985694885254
25.210000038146973,25.264999866485596,0.05499982833862305
25.221999883651733,25.283999919891357,0.06200003623962402
25.23300004005432,25.264999866485596,0.031999826431274414
25.269999980926514,25.293999910354614,0.023999929428100586
25.366999864578247,25.39199995994568,0.02500009536743164
25.38100004196167,25.41599988937378,0.034999847412109375
25.40499997138977,25.441999912261963,0.03699994087219238
25.471999883651733,25.494999885559082,0.023000001907348633
25.59599995613098,25.76799988746643,0.17199993133544922
25.60199999809265,25.65400004386902,0.05200004577636719
25.60199999809265,25.66599988937378,0.06399989128112793
25.609999895095825,25.76900005340576,0.15900015830993652
25.80299997329712,25.842999935150146,0.039999961853027344
25.861999988555908,25.911999940872192,0.04999995231628418
25.869999885559082,25.91100001335144,0.0410001277923584
25.87999987602234,25.911999940872192,0.032000064849853516
25.95799994468689,26.027999877929688,0.06999993324279785
26.001999855041504,26.039000034332275,0.037000179290771484
26.043999910354614,26.079999923706055,0.03600001335144043
26.0939998626709,26.151999950408936,0.05800008773803711
26.16700005531311,26.187000036239624,0.019999980926513672
26.19599986076355,26.23300004005432,0.037000179290771484
26.240000009536743,26.292999982833862,0.05299997329711914
26.241999864578247,26.26199984550476,0.019999980926513672
26.33299994468689,26.399999856948853,0.06699991226196289
26.406999826431274,26.48300004005432,0.07600021362304688
26.414999961853027,26.454999923706055,0.039999961853027344
26.44099998474121,26.494999885559082,0.053999900817871094
26.56500005722046,26.598000049591064,0.03299999237060547
26.632999897003174,26.652999877929688,0.019999980926513672
26.65999984741211,26.68499994277954,0.02500009536743164
26.692999839782715,26.728999853134155,0.03600001335144043
26.800999879837036,26.838000059127808,0.037000179290771484
26.80999994277954,26.861000061035156,0.051000118255615234
26.822999954223633,26.878000020980835,0.05500006675720215
26.89800000190735,26.930999994277954,0.03299999237060547
26.997999906539917,27.04099988937378,0.042999982833862305
27.000999927520752,27.04200005531311,0.0410001277923584
27.014999866485596,27.054999828338623,0.039999961853027344
27.086999893188477,27.20899987220764,0.12199997901916504
27.10699987411499,27.128999948501587,0.02200007438659668
27.2189998626709,27.26199984550476,0.042999982833862305
27.253000020980835,27.27900004386902,0.026000022888183594
27.325999975204468,27.34599995613098,0.019999980926513672
27.34999990463257,27.388000011444092,0.03800010681152344
27.378000020980835,27.40499997138977,0.026999950408935547
27.388999938964844,27.427000045776367,0.03800010681152344
27.56500005722046,27.59599995613098,0.03099989891052246
27.58399987220764,27.609999895095825,0.026000022888183594
27.64199995994568,27.66700005531311,0.02500009536743164
27.723999977111816,27.75499987602234,0.03099989891052246
27.894999980926514,27.932999849319458,0.037999868392944336
27.92899990081787,27.971999883651733,0.042999982833862305
28.024999856948853,28.09599995613098,0.0710000991821289
28.044999837875366,28.09599995613098,0.051000118255615234
28.141000032424927,28.174000024795532,0.03299999237060547
28.18499994277954,28.246000051498413,0.06100010871887207
28.191999912261963,28.28600001335144,0.09400010108947754
28.29699993133545,28.329999923706055,0.03299999237060547
28.35699987411499,28.41100001335144,0.054000139236450195
28.4229998588562,28.453999996185303,0.031000137329101562
28.438999891281128,28.473000049591064,0.03400015830993652
28.55299997329712,28.60199999809265,0.04900002479553223
28.579999923706055,28.60199999809265,0.02200007438659668
28.662999868392944,28.713000059127808,0.05000019073486328
28.671000003814697,28.713000059127808,0.04200005531311035
28.71499991416931,28.776000022888184,0.06100010871887207
28.799999952316284,28.852999925613403,0.05299997329711914
28.875999927520752,28.90400004386902,0.0280001163482666
28.908999919891357,28.950999975204468,0.04200005531311035
28.953999996185303,28.967000007629395,0.013000011444091797
29.031999826431274,29.07799983024597,0.046000003814697266
29.109999895095825,29.138000011444092,0.0280001163482666
29.1489999294281,29.180999994277954,0.032000064849853516
29.23099994659424,29.259999990463257,0.029000043869018555
29.23199987411499,29.27900004386902,0.04700016975402832
29.286999940872192,29.365999937057495,0.07899999618530273
29.32699990272522,29.365999937057495,0.03900003433227539
29.406999826431274,29.450000047683716,0.043000221252441406
29.418999910354614,29.54200005531311,0.1230001449584961
29.43499994277954,29.450000047683716,0.015000104904174805
29.51099991798401,29.54200005531311,0.031000137329101562
29.602999925613403,29.655999898910522,0.05299997329711914
29.61899995803833,29.656999826431274,0.037999868392944336
29.65400004386902,29.68400001525879,0.029999971389770508
29.73099994659424,29.76199984550476,0.03099989891052246
29.80999994277954,29.838000059127808,0.0280001163482666
29.829999923706055,29.861000061035156,0.031000137329101562
29.836999893188477,29.861000061035156,0.024000167846679688
29.90999984741211,29.944000005722046,0.03400015830993652
30.079999923706055,30.116999864578247,0.03699994087219238
30.08299994468689,30.121999979019165,0.03900003433227539
30.11899995803833,30.141000032424927,0.02200007438659668
30.167999982833862,30.191999912261963,0.023999929428100586
30.29099988937378,30.335999965667725,0.04500007629394531
30.292999982833862,30.31599998474121,0.023000001907348633
30.353999853134155,30.366999864578247,0.013000011444091797
30.39400005340576,30.42899990081787,0.034999847412109375
30.542999982833862,30.57099986076355,0.0279998779296875
30.56500005722046,30.605000019073486,0.039999961853027344
30.586999893188477,30.63599991798401,0.04900002479553223
30.621999979019165,30.669999837875366,0.04799985885620117
30.704999923706055,30.73799991607666,0.03299999237060547
30.76199984550476,30.800999879837036,0.03900003433227539
30.776999950408936,30.800999879837036,0.023999929428100586
30.781999826431274,30.816999912261963,0.03500008583068848
30.948999881744385,30.977999925613403,0.029000043869018555
30.957000017166138,31.003000020980835,0.046000003814697266
30.977999925613403,31.003999948501587,0.026000022888183594
30.990000009536743,31.019999980926514,0.029999971389770508
31.069999933242798,31.12999987602234,0.059999942779541016
31.139999866485596,31.197999954223633,0.05800008773803711
31.162999868392944,31.215999841690063,0.05299997329711914
31.17199993133545,31.197999954223633,0.026000022888183594
31.250999927520752,31.282999992370605,0.032000064849853516
31.253000020980835,31.366999864578247,0.11399984359741211
31.31500005722046,31.34599995613098,0.03099989891052246
31.329999923706055,31.34599995613098,0.016000032424926758
31.419999837875366,31.45199990272522,0.032000064849853516
31.435999870300293,31.4689998626709,0.03299999237060547
31.44000005722046,31.483999967575073,0.04399991035461426
31.490000009536743,31.53600001335144,0.046000003814697266
31.557999849319458,31.590999841690063,0.03299999237060547
31.57799983024597,31.622999906539917,0.04500007629394531
31.611999988555908,31.662999868392944,0.05099987983703613
31.61299991607666,31.64800000190735,0.03500008583068848
31.72499990463257,31.781999826431274,0.056999921798706055
31.72699999809265,31.79200005531311,0.06500005722045898
31.746000051498413,31.781999826431274,0.03599977493286133
31.76699995994568,31.806999921798706,0.039999961853027344
31.973999977111816,32.00399994850159,0.029999971389770508
31.990999937057495,32.00399994850159,0.013000011444091797
31.994999885559082,32.043999910354614,0.04900002479553223
32.01099991798401,32.044999837875366,0.03399991989135742
32.08999991416931,32.128000020980835,0.03800010681152344
32.12999987602234,32.17799997329712,0.04800009727478027
32.12999987602234,32.1489999294281,0.01900005340576172
32.151999950408936,32.19700002670288,0.04500007629394531
32.251999855041504,32.29099988937378,0.03900003433227539
32.27300000190735,32.34500002861023,0.07200002670288086
32.319000005722046,32.34500002861023,0.026000022888183594
32.33399987220764,32.37599992752075,0.04200005531311035
32.437000036239624,32.46799993515015,0.03099989891052246
32.442999839782715,32.467000007629395,0.024000167846679688
32.44700002670288,32.48099994659424,0.03399991989135742
32.484999895095825,32.519999980926514,0.03500008583068848
32.5460000038147,32.63499999046326,0.08899998664855957
32.58200001716614,32.61399984359741,0.031999826431274414
32.61199998855591,32.64999985694885,0.037999868392944336
32.651000022888184,32.68400001525879,0.03299999237060547
32.681999921798706,32.72099995613098,0.03900003433227539
32.763999938964844,32.787999868392944,0.023999929428100586
32.83899998664856,32.86899995803833,0.029999971389770508
32.84299993515015,32.86800003051758,0.02500009536743164
32.85899996757507,32.88199996948242,0.023000001907348633
32.95299983024597,32.97199988365173,0.01900005340576172
32.99799990653992,33.00600004196167,0.00800013542175293
33.019999980926514,33.04200005531311,0.02200007438659668
33.02499985694885,33.08299994468689,0.05800008773803711
33.13499999046326,33.19199991226196,0.056999921798706055
33.15899991989136,33.19199991226196,0.03299999237060547
33.175999879837036,33.223999977111816,0.04800009727478027
33.181999921798706,33.217000007629395,0.03500008583068848
33.27199983596802,33.30200004577637,0.03000020980834961
33.293999910354614,33.33800005912781,0.04400014877319336
33.34500002861023,33.371999979019165,0.026999950408935547
33.34599995613098,33.388999938964844,0.042999982833862305
33.45799994468689,33.490999937057495,0.03299999237060547
33.48899984359741,33.543999910354614,0.05500006675720215
33.49899983406067,33.526999950408936,0.0280001163482666
33.503000020980835,33.54299998283386,0.039999961853027344
33.75,33.782999992370605,0.03299999237060547
33.76199984550476,33.79699993133545,0.03500008583068848
33.776999950408936,33.82200002670288,0.04500007629394531
33.87299990653992,33.89400005340576,0.021000146865844727
33.95299983024597,34.00099992752075,0.04800009727478027
33.99300003051758,34.02300000190735,0.029999971389770508
34.00399994850159,34.0479998588562,0.04399991035461426
34.01300001144409,34.02300000190735,0.009999990463256836
34.162999868392944,34.204999923706055,0.04200005531311035
34.174999952316284,34.24000000953674,0.06500005722045898
34.19099998474121,34.21799993515015,0.026999950408935547
34.21599984169006,34.258999824523926,0.042999982833862305
34.33399987220764,34.378000020980835,0.04400014877319336
34.36699986457825,34.3989999294281,0.032000064849853516
34.36699986457825,34.40899991989136,0.04200005531311035
34.382999897003174,34.407999992370605,0.02500009536743164
34.537999868392944,34.59099984169006,0.05299997329711914
34.53999996185303,34.57299995422363,0.03299999237060547
34.556999921798706,34.59099984169006,0.03399991989135742
34.562999963760376,34.59099984169006,0.0279998779296875
34.6729998588562,34.730000019073486,0.057000160217285156
34.71199989318848,34.73099994659424,0.01900005340576172
34.76699995994568,34.81699991226196,0.04999995231628418
34.769999980926514,34.81699991226196,0.04699993133544922
34.89299988746643,34.937999963760376,0.04500007629394531
34.925999879837036,34.97000002861023,0.04400014877319336
34.95299983024597,35.008999824523926,0.0559999942779541
35.003000020980835,35.02799987792969,0.02499985694885254
35.125,35.16199994087219,0.03699994087219238
35.14100003242493,35.16199994087219,0.020999908447265625
35.19000005722046,35.210999965667725,0.020999908447265625
35.23199987411499,35.28699994087219,0.05500006675720215
35.28099989891052,35.29900002479553,0.018000125885009766
35.36500000953674,35.383999824523926,0.018999814987182617
35.36699986457825,35.40299987792969,0.03600001335144043
35.38100004196167,35.40299987792969,0.021999835968017578
35.49499988555908,35.52999997138977,0.03500008583068848
35.526999950408936,35.57200002670288,0.04500007629394531
35.5699999332428,35.60599994659424,0.03600001335144043
35.632999897003174,35.66499996185303,0.032000064849853516
35.69700002670288,35.71399998664856,0.01699995994567871
35.758999824523926,35.79099988937378,0.032000064849853516
35.85099983215332,35.889999866485596,0.03900003433227539
35.865999937057495,35.889999866485596,0.023999929428100586
35.883999824523926,35.918999910354614,0.03500008583068848
35.96300005912781,35.986000061035156,0.023000001907348633
35.98300004005432,36.026999950408936,0.04399991035461426
36.04099988937378,36.062000036239624,0.021000146865844727
36.06599998474121,36.09299993515015,0.026999950408935547
36.06699991226196,36.138999938964844,0.07200002670288086
36.174999952316284,36.20099997520447,0.026000022888183594
36.20099997520447,36.23899984359741,0.037999868392944336
36.282999992370605,36.294999837875366,0.011999845504760742
36.28999996185303,36.319000005722046,0.029000043869018555
36.37299990653992,36.40299987792969,0.029999971389770508
36.45099997520447,36.48899984359741,0.037999868392944336
36.45299983024597,36.48899984359741,0.03600001335144043
36.52199983596802,36.54200005531311,0.020000219345092773
36.59999990463257,36.626999855041504,0.026999950408935547
36.625,36.6489999294281,0.023999929428100586
36.62899994850159,36.67700004577637,0.04800009727478027
36.70899987220764,36.74399995803833,0.03500008583068848
36.751999855041504,36.770999908447266,0.01900005340576172
36.81699991226196,36.848000049591064,0.031000137329101562
36.82799983024597,36.86199998855591,0.03400015830993652
36.91599988937378,36.9449999332428,0.029000043869018555
36.980000019073486,36.98799991607666,0.007999897003173828
37.0699999332428,37.11399984359741,0.04399991035461426
37.085999965667725,37.125,0.03900003433227539
37.15400004386902,37.17400002479553,0.019999980926513672
37.168999910354614,37.20199990272522,0.03299999237060547
37.25600004196167,37.276999950408936,0.020999908447265625
37.281999826431274,37.31399989128113,0.032000064849853516
37.3199999332428,37.34500002861023,0.02500009536743164
37.375,37.39199995994568,0.01699995994567871
37.44700002670288,37.478999853134155,0.031999826431274414
37.490999937057495,37.50999999046326,0.01900005340576172
37.55499982833862,37.5939998626709,0.03900003433227539
37.562000036239624,37.59299993515015,0.03099989891052246
37.72000002861023,37.74300003051758,0.023000001907348633
37.769999980926514,37.787999868392944,0.017999887466430664
37.78099989891052,37.82799983024597,0.04699993133544922
37.859999895095825,37.895999908447266,0.03600001335144043
37.96799993515015,37.99899983406067,0.03099989891052246
38.03699994087219,38.098000049591064,0.06100010871887207
38.04299998283386,38.05900001525879,0.016000032424926758
38.13499999046326,38.157999992370605,0.023000001907348633
38.258999824523926,38.2739999294281,0.015000104904174805
38.293999910354614,38.33099985122681,0.03699994087219238
38.365999937057495,38.38800001144409,0.02200007438659668
38.37999987602234,38.42700004577637,0.04700016975402832
38.50399994850159,38.513999938964844,0.009999990463256836
38.50699996948242,38.58999991416931,0.08299994468688965
38.562000036239624,38.61500000953674,0.05299997329711914
38.58999991416931,38.61399984359741,0.023999929428100586
38.71599984169006,38.74799990653992,0.032000064849853516
38.734999895095825,38.76799988746643,0.03299999237060547
38.77499985694885,38.800999879837036,0.026000022888183594
38.799999952316284,38.84999990463257,0.04999995231628418
38.82299995422363,38.878000020980835,0.05500006675720215
38.93299984931946,38.97699999809265,0.04400014877319336
38.93899989128113,38.99199986457825,0.05299997329711914
38.99799990653992,39.026000022888184,0.0280001163482666
39.02999997138977,39.062999963760376,0.03299999237060547
39.15400004386902,39.19199991226196,0.037999868392944336
39.16199994087219,39.192999839782715,0.03099989891052246
39.20299983024597,39.236000061035156,0.03300023078918457
39.26199984550476,39.28499984741211,0.023000001907348633
39.35800004005432,39.412999868392944,0.05499982833862305
39.39400005340576,39.44700002670288,0.05299997329711914
39.39800000190735,39.42700004577637,0.029000043869018555
39.450000047683716,39.519999980926514,0.06999993324279785
39.47000002861023,39.50099992752075,0.03099989891052246
39.550999879837036,39.58399987220764,0.03299999237060547
39.56599998474121,39.61199998855591,0.046000003814697266
39.59299993515015,39.62899994850159,0.03600001335144043
39.67700004577637,39.723999977111816,0.04699993133544922
39.736000061035156,39.776000022888184,0.039999961853027344
39.76799988746643,39.825000047683716,0.057000160217285156
39.78499984741211,39.83299994468689,0.04800009727478027
39.918999910354614,39.95700001716614,0.03800010681152344
39.960999965667725,39.99000000953674,0.029000043869018555
39.99199986457825,40.039000034332275,0.04700016975402832
40.01300001144409,40.026999950408936,0.01399993896484375
40.10199999809265,40.14199995994568,0.039999961853027344
40.109999895095825,40.14199995994568,0.032000064849853516
40.12100005149841,40.15899991989136,0.037999868392944336
40.16700005531311,40.19000005722046,0.023000001907348633
40.20899987220764,40.26199984550476,0.05299997329711914
40.210999965667725,40.25099992752075,0.039999961853027344
40.28499984741211,40.33200001716614,0.04700016975402832
40.31500005722046,40.33800005912781,0.023000001907348633
40.375,40.41599988937378,0.0409998893737793
40.39800000190735,40.41499996185303,0.01699995994567871
40.44099998474121,40.46599984169006,0.02499985694885254
40.46499991416931,40.486000061035156,0.021000146865844727
40.490999937057495,40.56500005722046,0.07400012016296387
40.537999868392944,40.57599997520447,0.03800010681152344
40.573999881744385,40.615999937057495,0.04200005531311035
40.58099985122681,40.615999937057495,0.03500008583068848
40.644999980926514,40.692999839782715,0.04799985885620117
40.65999984741211,40.704999923706055,0.04500007629394531
40.71499991416931,40.75399994850159,0.03900003433227539
40.7189998626709,40.80299997329712,0.0840001106262207
40.72000002861023,40.75399994850159,0.03399991989135742
40.794999837875366,40.84299993515015,0.04800009727478027
40.80299997329712,40.86399984359741,0.06099987030029297
40.86899995803833,40.88800001144409,0.01900005340576172
40.89699983596802,40.92700004577637,0.03000020980834961
40.92700004577637,40.94700002670288,0.019999980926513672
41.003000020980835,41.02999997138977,0.026999950408935547
41.008999824523926,41.0460000038147,0.037000179290771484
41.020999908447266,41.06500005722046,0.04400014877319336
41.06099987030029,41.11500000953674,0.054000139236450195
41.09599995613098,41.138999938964844,0.042999982833862305
41.16599988937378,41.20899987220764,0.042999982833862305
41.168999910354614,41.22199988365173,0.05299997329711914
41.2279999256134,41.25600004196167,0.0280001163482666
41.2979998588562,41.32599997520447,0.0280001163482666
41.30900001525879,41.359999895095825,0.05099987983703613
41.342000007629395,41.389999866485596,0.04799985885620117
41.36199998855591,41.389999866485596,0.0279998779296875
41.598999977111816,41.71799993515015,0.11899995803833008
41.59999990463257,41.656999826431274,0.056999921798706055
41.6029999256134,41.73799991607666,0.13499999046325684
41.609999895095825,41.73699998855591,0.127000093460083
41.80399990081787,41.84099984169006,0.03699994087219238
41.81399989128113,41.83999991416931,0.026000022888183594
41.829999923706055,41.876999855041504,0.04699993133544922
41.883999824523926,41.90899991989136,0.02500009536743164
41.96199989318848,42.03099989891052,0.0690000057220459
42.019999980926514,42.06500005722046,0.04500007629394531
42.02300000190735,42.04200005531311,0.01900005340576172
42.07200002670288,42.10199999809265,0.029999971389770508
42.15899991989136,42.210999965667725,0.05200004577636719
42.187999963760376,42.230000019073486,0.04200005531311035
42.19099998474121,42.230000019073486,0.03900003433227539
42.21599984169006,42.24399995803833,0.0280001163482666
42.335999965667725,42.38800001144409,0.05200004577636719
42.37999987602234,42.40999984741211,0.029999971389770508
42.38499999046326,42.40899991989136,0.023999929428100586
42.38699984550476,42.4210000038147,0.03400015830993652
42.50099992752075,42.54099988937378,0.039999961853027344
42.532999992370605,42.57699990272522,0.04399991035461426
42.54299998283386,42.57699990272522,0.03399991989135742
42.55399990081787,42.598000049591064,0.04400014877319336
42.687999963760376,42.7189998626709,0.03099989891052246
42.700000047683716,42.7189998626709,0.018999814987182617
42.7039999961853,42.740999937057495,0.03699994087219238
42.751999855041504,42.80499982833862,0.05299997329711914
42.86199998855591,42.907999992370605,0.046000003814697266
42.878000020980835,42.92899990081787,0.05099987983703613
42.889999866485596,42.92899990081787,0.03900003433227539
42.9229998588562,42.96000003814697,0.037000179290771484
43.085999965667725,43.14100003242493,0.05500006675720215
43.11399984359741,43.15400004386902,0.040000200271606445
43.11899995803833,43.14100003242493,0.02200007438659668
43.15599989891052,43.174999952316284,0.01900005340576172
43.21000003814697,43.27999997138977,0.06999993324279785
43.30299997329712,43.31699991226196,0.01399993896484375
43.31099987030029,43.35599994659424,0.04500007629394531
43.32799983024597,43.35800004005432,0.03000020980834961
43.50699996948242,43.5479998588562,0.0409998893737793
43.54200005531311,43.555999994277954,0.01399993896484375
43.54299998283386,43.569000005722046,0.026000022888183594
43.5479998588562,43.58699989318848,0.03900003433227539
43.70799994468689,43.74499988555908,0.03699994087219238
43.76799988746643,43.83099985122681,0.06299996376037598
43.76799988746643,43.83099985122681,0.06299996376037598
43.7739999294281,43.83099985122681,0.056999921798706055
43.912999868392944,43.937000036239624,0.024000167846679688
43.91799998283386,43.98199987411499,0.06399989128112793
43.94000005722046,43.98199987411499,0.04199981689453125
43.980000019073486,44.00399994850159,0.023999929428100586
44.10800004005432,44.12399983406067,0.015999794006347656
44.10899996757507,44.15999984741211,0.05099987983703613
44.11199998855591,44.14400005340576,0.032000064849853516
44.175999879837036,44.20700001716614,0.031000137329101562
44.1949999332428,44.25099992752075,0.0559999942779541
44.25499987602234,44.27999997138977,0.02500009536743164
44.26600003242493,44.312000036239624,0.046000003814697266
44.36299991607666,44.38100004196167,0.018000125885009766
44.42199993133545,44.46300005912781,0.0410001277923584
44.44799995422363,44.50699996948242,0.05900001525878906
44.47199988365173,44.51900005340576,0.04700016975402832
44.52499985694885,44.54200005531311,0.017000198364257812
44.5789999961853,44.60800004005432,0.029000043869018555
44.579999923706055,44.60699987411499,0.026999950408935547
44.64699983596802,44.66700005531311,0.020000219345092773
44.69599986076355,44.72499990463257,0.029000043869018555
44.77799987792969,44.84500002861023,0.06700015068054199
44.812999963760376,44.84500002861023,0.032000064849853516
44.85800004005432,44.88199996948242,0.023999929428100586
44.912999868392944,44.93599987030029,0.023000001907348633
44.93899989128113,44.97199988365173,0.03299999237060547
44.99300003051758,45.008999824523926,0.015999794006347656
45.01099991798401,45.05299997329712,0.04200005531311035
45.075000047683716,45.09500002861023,0.019999980926513672
45.11699986457825,45.169999837875366,0.05299997329711914
45.156999826431274,45.194000005722046,0.037000179290771484
45.16700005531311,45.204999923706055,0.037999868392944336
45.18599987030029,45.28099989891052,0.09500002861022949
45.287999868392944,45.32200002670288,0.03400015830993652
45.395999908447266,45.4210000038147,0.02500009536743164
45.39699983596802,45.4210000038147,0.024000167846679688
45.5,45.56599998474121,0.06599998474121094
45.5239999294281,45.56599998474121,0.04200005531311035
45.58999991416931,45.632999897003174,0.042999982833862305
45.63499999046326,45.664000034332275,0.029000043869018555
45.66199994087219,45.67899990081787,0.01699995994567871
45.66700005531311,45.67899990081787,0.011999845504760742
45.79900002479553,45.82099986076355,0.021999835968017578
45.805999994277954,45.84299993515015,0.03699994087219238
45.80999994277954,45.84299993515015,0.03299999237060547
45.87599992752075,45.92199993133545,0.046000003814697266
45.96399998664856,46.014999866485596,0.05099987983703613
45.97000002861023,46.014999866485596,0.04499983787536621
46.003000020980835,46.049999952316284,0.04699993133544922
46.019999980926514,46.049999952316284,0.029999971389770508
46.132999897003174,46.16799998283386,0.03500008583068848
46.14199995994568,46.16700005531311,0.02500009536743164
46.162999868392944,46.19700002670288,0.03400015830993652
46.18899989128113,46.21399998664856,0.02500009536743164
46.287999868392944,46.33099985122681,0.042999982833862305
46.29099988937378,46.32099986076355,0.029999971389770508
46.388999938964844,46.39699983596802,0.007999897003173828
46.39100003242493,46.41700005531311,0.026000022888183594
46.46599984169006,46.478999853134155,0.013000011444091797
46.5,46.526000022888184,0.026000022888183594
46.507999897003174,46.539000034332275,0.031000137329101562
46.55299997329712,46.573999881744385,0.020999908447265625
46.632999897003174,46.68599987030029,0.05299997329711914
46.6489999294281,46.68599987030029,0.03699994087219238
46.6729998588562,46.7189998626709,0.046000003814697266
46.76199984550476,46.7979998588562,0.03600001335144043
46.8199999332428,46.8439998626709,0.023999929428100586
46.82799983024597,46.8439998626709,0.016000032424926758
46.88100004196167,46.930999994277954,0.04999995231628418
46.89699983596802,46.90899991989136,0.012000083923339844
46.96399998664856,47.00099992752075,0.03699994087219238
47.00399994850159,47.04099988937378,0.03699994087219238
47.06099987030029,47.08800005912781,0.02700018882751465
47.0939998626709,47.11199998855591,0.018000125885009766
47.187000036239624,47.234999895095825,0.04799985885620117
47.253000020980835,47.27999997138977,0.026999950408935547
47.299999952316284,47.31699991226196,0.01699995994567871
47.3199999332428,47.33999991416931,0.019999980926513672
47.39999985694885,47.460999965667725,0.06100010871887207
47.43899989128113,47.460999965667725,0.02200007438659668
47.44700002670288,47.49499988555908,0.04799985885620117
47.526000022888184,47.5460000038147,0.019999980926513672
47.585999965667725,47.644999980926514,0.05900001525878906
47.60199999809265,47.645999908447266,0.04399991035461426
47.644999980926514,47.669999837875366,0.02499985694885254
47.74199986457825,47.7739999294281,0.032000064849853516
47.769999980926514,47.823999881744385,0.053999900817871094
47.78699994087219,47.842000007629395,0.05500006675720215
47.882999897003174,47.93400001525879,0.051000118255615234
47.94199991226196,47.96499991416931,0.023000001907348633
47.98300004005432,48.003000020980835,0.019999980926513672
48.00600004196167,48.037999868392944,0.031999826431274414
48.05200004577637,48.08299994468689,0.03099989891052246
48.085999965667725,48.168999910354614,0.08299994468688965
48.168999910354614,48.21000003814697,0.0410001277923584
48.181999921798706,48.22499990463257,0.042999982833862305
48.20099997520447,48.22499990463257,0.023999929428100586
48.34699988365173,48.45899987220764,0.1119999885559082
48.348000049591064,48.45799994468689,0.1099998950958252
48.348000049591064,48.45700001716614,0.10899996757507324
48.348999977111816,48.47499990463257,0.12599992752075195
48.50099992752075,48.544999837875366,0.04399991035461426
48.50399994850159,48.52900004386902,0.02500009536743164
48.532999992370605,48.61500000953674,0.0820000171661377
48.53699994087219,48.544999837875366,0.007999897003173828
48.60699987411499,48.63199996948242,0.02500009536743164
48.651999950408936,48.70099997520447,0.04900002479553223
48.674999952316284,48.72199988365173,0.04699993133544922
48.70099997520447,48.72199988365173,0.020999908447265625
48.76300001144409,48.81699991226196,0.053999900817871094
48.80799984931946,48.84699988365173,0.03900003433227539
48.82099986076355,48.86399984359741,0.042999982833862305
48.83800005912781,48.84699988365173,0.008999824523925781
48.942999839782715,48.97699999809265,0.03400015830993652
49.00600004196167,49.02799987792969,0.021999835968017578
49.05499982833862,49.07200002670288,0.017000198364257812
49.062999963760376,49.10899996757507,0.046000003814697266
49.180999994277954,49.23300004005432,0.05200004577636719
49.21499991416931,49.26099991798401,0.046000003814697266
49.22000002861023,49.26099991798401,0.0409998893737793
49.27999997138977,49.306999921798706,0.026999950408935547
49.3289999961853,49.3439998626709,0.014999866485595703
49.40499997138977,49.42400002479553,0.01900005340576172
49.41499996185303,49.45899987220764,0.04399991035461426
49.48300004005432,49.51199984550476,0.028999805450439453
49.51900005340576,49.56399989128113,0.04499983787536621
49.5699999332428,49.61199998855591,0.04200005531311035
49.585999965667725,49.64800000190735,0.06200003623962402
49.63199996948242,49.664000034332275,0.032000064849853516
49.73699998855591,49.763999938964844,0.026999950408935547
49.73799991607666,49.75099992752075,0.013000011444091797
49.80999994277954,49.829999923706055,0.019999980926513672
49.84500002861023,49.895999908447266,0.05099987983703613
49.87599992752075,49.907999992370605,0.032000064849853516
49.90999984741211,49.94700002670288,0.037000179290771484
49.95799994468689,49.984999895095825,0.026999950408935547
49.99399995803833,50.020999908447266,0.026999950408935547
50.056999921798706,50.103999853134155,0.04699993133544922
50.08999991416931,50.125,0.03500008583068848
50.169999837875366,50.200000047683716,0.03000020980834961
50.20799994468689,50.25499987602234,0.04699993133544922
50.25699996948242,50.29900002479553,0.04200005531311035
50.34599995613098,50.37100005149841,0.02500009536743164
50.37399983406067,50.4210000038147,0.04700016975402832
50.41499996185303,50.4539999961853,0.03900003433227539
50.48199987411499,50.51900005340576,0.037000179290771484
50.555999994277954,50.59099984169006,0.034999847412109375
50.55799984931946,50.60800004005432,0.05000019073486328
50.573999881744385,50.60699987411499,0.03299999237060547
50.58200001716614,50.60800004005432,0.026000022888183594
50.69799995422363,50.74199986457825,0.04399991035461426
50.70099997520447,50.74199986457825,0.0409998893737793
50.73199987411499,50.76199984550476,0.029999971389770508
50.769999980926514,50.7960000038147,0.026000022888183594
50.91100001335144,50.94599986076355,0.034999847412109375
50.93400001525879,50.967000007629395,0.03299999237060547
50.99499988555908,51.0460000038147,0.051000118255615234
50.996999979019165,51.0239999294281,0.026999950408935547
51.07799983024597,51.11500000953674,0.037000179290771484
51.11899995803833,51.13100004196167,0.012000083923339844
51.12899994850159,51.14999985694885,0.020999908447265625
51.15899991989136,51.2039999961853,0.04500007629394531
51.287999868392944,51.31599998474121,0.0280001163482666
51.31699991226196,51.34599995613098,0.029000043869018555
51.3199999332428,51.36999988555908,0.04999995231628418
51.33500003814697,51.375,0.039999961853027344
51.444000005722046,51.47000002861023,0.026000022888183594
51.49399995803833,51.53099989891052,0.03699994087219238
51.5,51.55399990081787,0.053999900817871094
51.52999997138977,51.55399990081787,0.023999929428100586
51.58500003814697,51.615999937057495,0.03099989891052246
51.63599991798401,51.651999950408936,0.016000032424926758
51.674999952316284,51.704999923706055,0.029999971389770508
51.68299984931946,51.71799993515015,0.03500008583068848
51.79200005531311,51.80900001525879,0.01699995994567871
51.823999881744385,51.85699987411499,0.03299999237060547
51.86399984359741,51.88699984550476,0.023000001907348633
51.90299987792969,51.95199990272522,0.04900002479553223
51.9779999256134,52.020999908447266,0.042999982833862305
52.001999855041504,52.020999908447266,0.01900005340576172
52.00699996948242,52.0460000038147,0.03900003433227539
52.06699991226196,52.11399984359741,0.04699993133544922
52.156999826431274,52.18599987030029,0.029000043869018555
52.21499991416931,52.25099992752075,0.03600001335144043
52.25999999046326,52.293999910354614,0.03399991989135742
52.263999938964844,52.293999910354614,0.029999971389770508
52.361000061035156,52.407999992370605,0.04699993133544922
52.41499996185303,52.45299983024597,0.037999868392944336
52.41499996185303,52.4539999961853,0.03900003433227539
52.46499991416931,52.50999999046326,0.04500007629394531
52.51300001144409,52.53699994087219,0.023999929428100586
52.51600003242493,52.55900001525879,0.042999982833862305
52.585999965667725,52.66199994087219,0.07599997520446777
52.632999897003174,52.67999982833862,0.04699993133544922
52.633999824523926,52.67999982833862,0.046000003814697266
52.6949999332428,52.734999895095825,0.039999961853027344
52.83200001716614,52.86500000953674,0.03299999237060547
52.86699986457825,52.894999980926514,0.0280001163482666
52.89699983596802,52.94199991226196,0.04500007629394531
52.89699983596802,52.91599988937378,0.01900005340576172
53.0239999294281,53.0460000038147,0.02200007438659668
53.02900004386902,53.062999963760376,0.03399991989135742
53.05399990081787,53.11199998855591,0.05800008773803711
53.11399984359741,53.128000020980835,0.014000177383422852
53.19099998474121,53.234999895095825,0.04399991035461426
53.25099992752075,53.270999908447266,0.019999980926513672
53.276000022888184,53.289000034332275,0.013000011444091797
53.376999855041504,53.39199995994568,0.015000104904174805
53.41700005531311,53.43499994277954,0.017999887466430664
53.46499991416931,53.50999999046326,0.04500007629394531
53.4779999256134,53.50999999046326,0.032000064849853516
53.556999921798706,53.65899991989136,0.10199999809265137
53.58200001716614,53.60599994659424,0.023999929428100586
53.66100001335144,53.70799994468689,0.04699993133544922
53.69599986076355,53.730000019073486,0.03400015830993652
53.75,53.764999866485596,0.014999866485595703
53.77199983596802,53.80999994277954,0.03800010681152344
53.86500000953674,53.894999980926514,0.029999971389770508
53.86800003051758,53.88199996948242,0.01399993896484375
53.924999952316284,53.96300005912781,0.03800010681152344
53.96799993515015,53.99899983406067,0.03099989891052246
53.98899984359741,54.01300001144409,0.024000167846679688
54.062000036239624,54.09999990463257,0.037999868392944336
54.0699999332428,54.09999990463257,0.029999971389770508
54.13499999046326,54.14800000190735,0.013000011444091797
54.192999839782715,54.21300005912781,0.020000219345092773
54.20199990272522,54.23199987411499,0.029999971389770508
54.289000034332275,54.32200002670288,0.03299999237060547
54.361000061035156,54.38800001144409,0.026999950408935547
54.414000034332275,54.45199990272522,0.037999868392944336
54.503000020980835,54.539000034332275,0.03600001335144043
54.507999897003174,54.5239999294281,0.016000032424926758
54.56099987030029,54.611000061035156,0.05000019073486328
54.62399983406067,54.66700005531311,0.043000221252441406
54.651999950408936,54.6949999332428,0.042999982833862305
54.74399995803833,54.76600003242493,0.02200007438659668
54.83500003814697,54.86699986457825,0.031999826431274414
54.835999965667725,54.86699986457825,0.03099989891052246
54.87299990653992,54.894999980926514,0.02200007438659668
54.89999985694885,54.93599987030029,0.03600001335144043
55.026999950408936,55.067999839782715,0.0409998893737793
55.05499982833862,55.09299993515015,0.03800010681152344
55.05499982833862,55.09299993515015,0.03800010681152344
55.08200001716614,55.12299990653992,0.0409998893737793
55.18400001525879,55.25699996948242,0.07299995422363281
55.21599984169006,55.263999938964844,0.04800009727478027
55.2279999256134,55.263999938964844,0.03600001335144043
55.27900004386902,55.30999994277954,0.03099989891052246
55.412999868392944,55.444000005722046,0.031000137329101562
55.414000034332275,55.444000005722046,0.029999971389770508
55.43299984931946,55.46199989318848,0.029000043869018555
55.467000007629395,55.48899984359741,0.021999835968017578
55.569000005722046,55.62599992752075,0.056999921798706055
55.58999991416931,55.62599992752075,0.03600001335144043
55.58999991416931,55.62599992752075,0.03600001335144043
55.632999897003174,55.657999992370605,0.02500009536743164
55.78099989891052,55.812000036239624,0.031000137329101562
55.78499984741211,55.82299995422363,0.03800010681152344
55.8289999961853,55.84099984169006,0.011999845504760742
55.84299993515015,55.86299991607666,0.019999980926513672
55.95799994468689,55.98399996757507,0.026000022888183594
55.986000061035156,56.020999908447266,0.034999847412109375
55.99499988555908,56.020999908447266,0.026000022888183594
56.02999997138977,56.07299995422363,0.042999982833862305
56.08099985122681,56.132999897003174,0.05200004577636719
56.200000047683716,56.22499990463257,0.02499985694885254
56.23300004005432,56.25,0.01699995994567871
56.26199984550476,56.27499985694885,0.013000011444091797
56.26799988746643,56.300999879837036,0.03299999237060547
56.33999991416931,56.38199996948242,0.04200005531311035
56.39400005340576,56.43400001525879,0.039999961853027344
56.40899991989136,56.43400001525879,0.02500009536743164
56.42199993133545,56.47599983215332,0.053999900817871094
56.549999952316284,56.58099985122681,0.03099989891052246
56.56500005722046,56.60099983215332,0.03599977493286133
56.605000019073486,56.64400005340576,0.03900003433227539
56.651000022888184,56.746999979019165,0.09599995613098145
56.734999895095825,56.84699988365173,0.1119999885559082
56.740999937057495,56.859999895095825,0.11899995803833008
56.77300000190735,56.859999895095825,0.08699989318847656
56.78999996185303,56.883999824523926,0.09399986267089844
56.93899989128113,56.973000049591064,0.03400015830993652
56.942999839782715,56.973000049591064,0.03000020980834961
57.003000020980835,57.01900005340576,0.016000032424926758
57.01300001144409,57.03399991989136,0.020999908447265625
57.08299994468689,57.11500000953674,0.032000064849853516
57.17400002479553,57.19199991226196,0.017999887466430664
57.17400002479553,57.192999839782715,0.018999814987182617
57.175999879837036,57.210999965667725,0.03500008583068848
57.38199996948242,57.42400002479553,0.04200005531311035
57.388999938964844,57.42400002479553,0.03500008583068848
57.39100003242493,57.40899991989136,0.017999887466430664
57.40299987792969,57.44799995422363,0.04500007629394531
57.5460000038147,57.5789999961853,0.03299999237060547
57.575000047683716,57.61399984359741,0.03899979591369629
57.5789999961853,57.61399984359741,0.034999847412109375
57.58099985122681,57.61399984359741,0.03299999237060547
57.69000005722046,57.7279999256134,0.037999868392944336
57.753000020980835,57.77900004386902,0.026000022888183594
57.76600003242493,57.799999952316284,0.03399991989135742
57.80299997329712,57.83800005912781,0.03500008583068848
57.90299987792969,57.92700004577637,0.024000167846679688
57.906999826431274,57.942999839782715,0.03600001335144043
57.91199994087219,57.95799994468689,0.046000003814697266
57.91599988937378,57.94199991226196,0.026000022888183594
58.04699993133545,58.079999923706055,0.03299999237060547
58.11500000953674,58.1710000038147,0.0559999942779541
58.12599992752075,58.1710000038147,0.04500007629394531
58.13100004196167,58.144999980926514,0.01399993896484375
58.20199990272522,58.246999979019165,0.04500007629394531
58.26099991798401,58.28999996185303,0.029000043869018555
58.32200002670288,58.361000061035156,0.03900003433227539
58.34099984169006,58.359999895095825,0.01900005340576172
58.444000005722046,58.47599983215332,0.031999826431274414
58.486000061035156,58.508999824523926,0.02299976348876953
58.53499984741211,58.56099987030029,0.026000022888183594
58.58399987220764,58.60699987411499,0.023000001907348633
58.66599988937378,58.704999923706055,0.03900003433227539
58.75600004196167,58.77999997138977,0.023999929428100586
58.82799983024597,58.86299991607666,0.03500008583068848
58.86199998855591,58.888999938964844,0.026999950408935547
58.8989999294281,58.92799997329712,0.029000043869018555
59.039000034332275,59.05200004577637,0.013000011444091797
59.10599994659424,59.125,0.01900005340576172
59.1489999294281,59.168999910354614,0.019999980926513672
59.17999982833862,59.20700001716614,0.02700018882751465
59.223000049591064,59.24499988555908,0.021999835968017578
59.25600004196167,59.282999992370605,0.026999950408935547
59.33099985122681,59.348999977111816,0.018000125885009766
59.34500002861023,59.37899994850159,0.03399991989135742
59.431999921798706,59.4779999256134,0.046000003814697266
59.43499994277954,59.45199990272522,0.01699995994567871
59.45199990272522,59.50399994850159,0.05200004577636719
